--  -----------  -----------  -----------  -----------  -----------  -----------  -----------  -----------  -----------  -----------  -----------  -----------  -----------  -----------  -----------  -----------  -----------  -----------  -----------  ----------  -----------  -----------  -----------  -----------
2_  1.21822e-09  4.46136e-18  0.453713     3.19376e-05  0.0842606    0.0790445    0.257525     2.7469e-12   0.0046354    1.82701e-10  2.13186e-05  2.0681e-10   5.65423e-08  4.08318e-06  0.268786     0.00299498   0.471047     0.211144     0.0461708    0.956862    0.00475856   0.017973     0.941275     0.00233314
3_  2.88161e-10  2.14974e-05  6.82206e-05  0.00192958   0.0059979    1.38113e-08  0.00668024   6.56432e-06  0.0154126    1.52598e-06  0.137746     0.567733     2.43786e-09  3.81773e-12  4.08916e-05  0.000220681  0.0411955    0.00436726   7.9451e-07   0.271156    0.00514786   0.513367     9.4332e-14   2.27328e-09
4_  2.25284e-12  4.95289e-09  4.31801e-14  0.00535815   2.29516e-05  6.97823e-05  8.44993e-07  0.00658202   0.00845739   0.000268188  0.753289     0.000206525  0.283653     0.00265668   2.26203e-06  1.89176e-14  0.738157     0.35495      0.0727786    0.847078    2.94678e-08  5.93401e-11  0.00278799   3.85189e-12
5_  9.36881e-06  7.37651e-40  5.49833e-09  4.21838e-17  1.85158e-33  5.01217e-19  1.12764e-24  0.00446042   0.0116402    6.47428e-09  0.867753     0.00131071   4.85995e-10  0.196536     0.347461     0.574504     2.46378e-05  1.67723e-10  6.61777e-09  0.0989738   3.14648e-09  2.28478e-06  2.96764e-23  1.23328e-05
7_  3.65142e-06  2.49636e-14  7.35773e-09  0.922207     0.00339977   1.59999e-05  0.691752     0.00176024   9.46837e-12  0.00456456   0.00146734   0.0136566    0.000352764  0.509173     0.875777     0.848221     0.625919     0.000126587  2.04742e-12  0.0406433   0.344211     0.0492989    0.0135163    0.0220715
11  0.303388     5.50829e-07  0.140576     0.46066      8.022e-05    2.06914e-10  0.0867898    0.000210647  0.000487133  1.32517e-07  1.01024e-10  0.00125917   3.06045e-06  8.82112e-05  0.924161     5.30509e-12  0.00304484   0.49979      0.25168      0.0693801   0.00215071   1.60034e-05  0.0287116    4.18628e-14
13  0.014616     0.0778887    7.34129e-09  0.00178021   4.73618e-23  7.45373e-05  1.3768e-06   2.379e-12    0.00373444   0.0236995    1.86963e-10  0.644243     0.0887025    0.0133606    4.91758e-06  6.2207e-15   5.63321e-08  9.41599e-12  4.16349e-07  6.4713e-12  2.59441e-20  4.04003e-21  1.21617e-12  0.00189621
14  6.88306e-13  3.04588e-08  0.00115821   0.206943     0.219664     0.0246167    0.336849     0.004079     6.22161e-07  1.02555e-07  4.42562e-06  0.00341023   3.51536e-15  8.10097e-06  2.53474e-06  3.00709e-07  0.00140177   0.415148     0.00160377   0.83504     0.753645     0.945611     1.07815e-07  1.21026e-15
16  3.693e-17    8.2071e-10   0.651936     0.0154921    1.29406e-05  2.85621e-06  2.54088e-14  1.90206e-13  0.0157084    0.0222555    0.666717     0.00276633   0.00636783   0.560789     6.72383e-08  4.72818e-14  0.00201811   0.000145566  0.00774015   0.243056    0.0742324    0.755089     6.12977e-14  6.86342e-05
--  -----------  -----------  -----------  -----------  -----------  -----------  -----------  -----------  -----------  -----------  -----------  -----------  -----------  -----------  -----------  -----------  -----------  -----------  -----------  ----------  -----------  -----------  -----------  -----------